Lx = 2.750000e+00
Ly = 1.500000e+00
Letter_width = 2.500000e-01
h = 2.500000e-02
